[gd_scene load_steps=2 format=3 uid="uid://dva63enb8fot0"]

[ext_resource type="PackedScene" uid="uid://h1ko5rlooex2" path="res://assets/models/Buick Reatta.glb" id="1_otjxf"]

[node name="Buick Reatta" instance=ExtResource("1_otjxf")]

[node name="Skeleton3D" parent="Main Car" index="0"]
bones/1/rotation = Quaternion(-0.714086, -9.45271e-24, 1.58559e-16, 0.700058)
bones/2/rotation = Quaternion(-0.714086, -9.45271e-24, 1.58559e-16, 0.700058)
bones/3/rotation = Quaternion(0.761168, 0.419556, -0.428802, 0.246426)
bones/3/scale = Vector3(1, 1, 1)
bones/4/rotation = Quaternion(0.484393, -0.157864, -0.510521, 0.692684)
bones/5/rotation = Quaternion(-0.101473, 0.475396, -0.187889, 0.853463)
bones/6/rotation = Quaternion(0.615483, 0.337384, -0.351599, 0.61946)
bones/7/rotation = Quaternion(0.615483, 0.337384, -0.351599, 0.61946)
bones/8/rotation = Quaternion(0.873222, 0.0148835, 0.487061, 0.0058508)
bones/8/scale = Vector3(1, 1, 1)
bones/9/rotation = Quaternion(0.484393, 0.157864, 0.510521, 0.692684)
bones/10/rotation = Quaternion(-0.101473, -0.475396, 0.187889, 0.853463)
bones/11/rotation = Quaternion(0.615483, -0.337384, 0.351599, 0.61946)
bones/12/rotation = Quaternion(0.615483, -0.337384, 0.351599, 0.61946)

[node name="Car" parent="Main Car/Skeleton3D" index="0"]
transform = Transform3D(1, -2.22001e-16, -2.2645e-16, 2.22001e-16, -0.0198387, 0.999803, -2.2645e-16, -0.999803, -0.0198387, -1.02619e-16, 0.453075, -0.0089901)

[node name="Windshield" parent="Main Car/Skeleton3D" index="1"]
transform = Transform3D(1, -2.22001e-16, -2.2645e-16, 2.22001e-16, -0.0198387, 0.999803, -2.2645e-16, -0.999803, -0.0198387, -1.02619e-16, 0.453075, -0.0089901)

[node name="Large Window" parent="Main Car/Skeleton3D" index="2"]
transform = Transform3D(0.509342, -5.96046e-08, -0.860564, 0.860395, -0.0198386, 0.509242, -0.0170725, -0.999803, -0.0101047, 0.568259, 0.196442, -0.00389779)

[node name="Door" parent="Main Car/Skeleton3D" index="3"]
transform = Transform3D(0.509342, 8.9407e-08, -0.860565, 0.860395, -0.0198385, 0.509242, -0.0170723, -0.999803, -0.0101046, 0.568259, 0.196442, -0.00389786)

[node name="Door" parent="Main Car/Skeleton3D/Door" index="0"]
transform = Transform3D(1, -1.85546e-14, 0, -2.94372e-15, 1, 0, -7.10543e-15, 0, 1, 0, 0, 0)

[node name="Small Window" parent="Main Car/Skeleton3D" index="4"]
transform = Transform3D(0.509342, 8.9407e-08, -0.860565, 0.860395, -0.0198385, 0.509242, -0.0170723, -0.999803, -0.0101046, 0.565314, 0.190228, -0.000138897)

[node name="Large Window_001" parent="Main Car/Skeleton3D" index="5"]
transform = Transform3D(1, 3.57628e-07, -5.96046e-08, -5.96046e-08, -0.0198385, 0.999803, 1.78814e-07, -0.999803, -0.0198386, -8.9407e-08, 0.453075, -0.00898998)

[node name="Door_001" parent="Main Car/Skeleton3D" index="6"]
transform = Transform3D(1, 1.78814e-07, 6.61239e-08, -1.03377e-07, -0.0198385, 0.999804, 5.96046e-08, -0.999803, -0.0198385, 0, 0.453075, -0.00899004)

[node name="Small Window_001" parent="Main Car/Skeleton3D" index="7"]
transform = Transform3D(1, 1.78814e-07, 6.51926e-08, -1.03377e-07, -0.0198385, 0.999804, 5.96046e-08, -0.999803, -0.0198385, 0.00636506, 0.452479, -0.00534258)
